0 2502.7 1320.4
1 2501.7 203.4000000000001
1 2132.6 389.60000000000014
2 2643.3 1753.5
3 2396.0 1058.3000000000002
4 1260.8 544.9000000000001
5 2060.7 330.9000000000001
1 2156.3 601.9000000000001
6 1532.5 1736.2
7 2472.0 567.8000000000002
8 2740.6 1586.3000000000002
3 2490.9 322.70000000000005
9 2782.4 352.20000000000005
10 1579.8 713.1000000000001
0 2353.9 853.5
5 2016.5 147.20000000000005
11 1376.1 800.8000000000002
12 2654.4 939.7
2 2570.7 1775.1000000000001
10 2451.3 1553.5
2 2638.4 1469.4
11 3194.1 1450.0
13 2549.8 1796.2
14 2572.2 1541.0
0 2710.6 186.5
15 2448.9 1246.7
2 2469.0 1709.8000000000002
16 1386.3 1308.6
12 2801.6 1706.0
15 2325.2 340.5
1 2133.0 729.1000000000001
0 2733.1 542.6000000000001
15 3250.3 614.5
14 1280.9 1522.7
14 1901.4 198.60000000000014
12 2145.4 658.2
8 2561.7 1100.0
2 2927.2 1408.0
2 2660.3 1706.6000000000001
6 1843.9 218.9000000000001
5 1243.6 1307.0
8 3079.3 1215.8000000000002
17 3173.1 595.2
4 1703.6 397.0
8 2945.1 374.9000000000001
11 1841.0 956.7
11 2287.2 646.8
5 1123.8 1416.0
16 1867.5 703.8000000000002
4 2399.5 1502.8000000000002
2 2520.7 1493.8000000000002
0 2354.6 210.5
11 1825.3 858.4000000000001
18 1701.9 495.9000000000001
1 2320.8 1339.1
2 3068.3 375.8000000000002
19 2457.6 1522.2
11 1631.1 1229.2
10 2597.9 840.7
2 3182.0 1539.5
1 2621.2 128.60000000000014
16 2798.2 1820.0
8 2991.8 352.9000000000001
5 1550.6 1307.3000000000002
20 1444.5 1287.4
7 2522.2 270.60000000000014
2 2244.9 1486.2
4 2869.9 1654.0
0 2043.2 984.8000000000002
15 3271.3 555.5
4 2702.9 1139.3000000000002
14 1325.8 1501.1000000000001
13 1784.5 1110.7
1 2556.8 106.10000000000014
0 2347.1 233.9000000000001
0 2456.7 416.20000000000005
1 2344.8 568.1000000000001
1 2834.9 1139.4
2 2630.2 1564.1000000000001
15 2287.0 1307.8000000000002
16 1986.8 682.3000000000002
0 1588.3 1630.0
11 1902.1 1005.4000000000001
12 2330.5 959.6000000000001
8 3155.7 1069.4
16 2799.4 1795.4
16 1208.3 1333.4
5 2072.6 256.60000000000014
4 2029.3 426.29999999999995
4 2040.5 1033.6000000000001
12 2653.1 1218.0
12 2815.7 1410.1000000000001
4 2476.4 1951.1000000000001
6 2493.1 640.0
10 1375.8 714.3000000000002
1 2625.4 264.5000000000002
7 1502.1 1814.3000000000002
11 1269.2 1566.3000000000002
10 1523.2 756.2
1 2564.5 151.0
5 1344.1 1183.9
21 2413.2 710.8000000000002
16 2670.8 1895.8000000000002
15 2591.8 673.7
2 2879.7 1451.4
0 1741.2 1093.5
16 1766.0 257.8000000000002
2 2985.3 1495.8000000000002
4 2382.6 921.7
5 2233.9 40.100000000000364
2 2662.4 1365.8000000000002
7 2311.1 410.5
2 2441.8 1685.2
7 2609.2 862.4000000000001
11 2477.8 688.1000000000001
5 2112.3 0.0
10 1490.8 918.1000000000001
2 2964.0 1730.8000000000002
2 2688.7 1345.1000000000001
2 3147.4 1646.4
2 2652.6 1637.2
1 1593.9 521.3000000000002
15 2854.6 766.9000000000001
2 3002.1 1676.2
6 1448.7 1626.2
6 1774.0 544.0
5 2045.3 35.70000000000027
4 2529.7 1902.0
15 2695.8 675.0000000000002
15 2690.0 425.4000000000001
0 2950.8 806.5
17 2565.5 396.9000000000001
2 2693.3 1540.4
4 1607.0 375.9000000000001
11 2094.7 482.20000000000005
0 2391.1 979.3000000000002
7 2632.0 324.20000000000005
19 2787.5 265.0000000000002
1 2669.7 885.6000000000001
5 1663.7 1715.5
15 2904.6 870.3000000000002
4 2368.9 1483.4
10 1413.0 652.6000000000001
20 3292.6 594.8000000000002
18 1817.3 525.3
2 2964.0 1350.5
4 2730.9 407.9000000000001
15 2342.5 1205.4
7 1563.0 1534.9
15 3082.6 734.5
11 2763.5 522.5
16 2256.8 1247.9
2 3170.5 1425.6000000000001
15 1781.0 1458.1000000000001
10 1447.0 821.1000000000001
2 2644.3 1420.0
5 1165.4 1388.7
8 3198.4 1090.8000000000002
15 3242.3 647.8
2 2963.5 460.0
15 2515.2 658.6000000000001
2 2472.9 1572.3000000000002
21 3031.8 1889.4
20 2328.6 877.7
1 2284.1 1359.6
11 2440.3 752.6000000000001
14 1493.8 1600.7
15 3222.5 754.5
13 1830.0 1436.8000000000002
2 2713.7 1392.4
11 2432.1 547.8000000000002
16 1941.0 238.20000000000005
20 2594.9 2053.8
4 2692.3 1975.4
2 2992.3 1790.9
2 2951.1 290.8000000000002
2 3177.1 1670.7
2 2734.9 1446.2
11 1724.3 797.4000000000001
2 2648.9 1176.3000000000002
1 2381.8 391.0
8 3176.5 1124.7
2 2871.4 328.10000000000014
1 2201.7 581.0
12 2619.8 1157.3000000000002
1 2634.3 378.20000000000005
4 1774.1 983.8000000000002
2 1565.5 1247.4
13 1831.8 1028.5
8 1203.6 522.8000000000002
13 2107.6 1071.1000000000001
0 2741.6 585.3000000000002
15 2851.3 375.60000000000014
1 1674.3 586.5
5 2161.2 123.90000000000009
8 2759.0 1157.3000000000002
21 3013.4 1825.7
17 2802.0 921.6000000000001
2 3018.7 427.70000000000005
4 1359.8 1080.4
10 1407.2 778.0000000000002
2 3160.3 1731.1000000000001
11 2553.3 798.5
4 1601.7 464.10000000000014
2 2746.7 325.4000000000001
21 2132.8 351.70000000000005
5 2280.1 371.0
11 2529.8 590.2
9 2477.0 733.2
12 2582.7 1684.2
15 2858.9 939.2
12 2567.5 764.4000000000001
6 1178.6 608.9000000000001
2 2604.5 1586.1
2 2487.2 1377.2
2 3156.3 1563.8000000000002
5 2074.8 192.79999999999995
10 1885.0 622.2
12 2411.5 668.9000000000001
15 2951.0 829.7
12 2359.8 733.3000000000002
15 1821.8 275.60000000000014
3 2465.6 1060.2
2 3035.7 264.5
5 1432.5 1057.2
15 2047.9 463.20000000000005
5 2275.4 277.79999999999995
13 1725.0 1003.9000000000001
8 2510.9 1081.3000000000002
4 3143.7 671.1000000000001
5 1377.6 1143.6000000000001
15 2689.2 287.4000000000001
2 2252.9 1416.7
4 2211.6 1266.8000000000002
1 2605.5 357.70000000000005
4 2115.1 445.4000000000001
4 2178.8 1287.2
5 2077.2 98.70000000000005
16 1852.7 174.30000000000018
15 1951.8 1026.6000000000001
2 2796.1 1559.4
15 2868.2 827.6000000000001
5 2152.3 78.70000000000027
4 2365.9 834.5
10 1442.9 874.0
8 3099.3 1361.5
0 2353.4 1127.1000000000001
1 2358.3 1380.9
8 3056.9 318.5000000000002
15 2589.7 694.1000000000001
15 2364.0 1266.5
8 2967.6 394.60000000000014
11 1855.3 763.0
0 2655.1 204.10000000000014
8 3133.8 1265.4
4 2459.6 1591.8000000000002
12 2654.5 652.7
6 1689.3 335.20000000000005
15 2560.7 615.0
0 2717.7 958.4000000000001
6 1754.6 564.9000000000001
21 2604.6 187.10000000000014
0 2233.8 212.30000000000018
16 2594.5 1926.3000000000002
14 2649.0 2028.5
12 2214.3 979.1000000000001
16 1894.9 742.1000000000001
8 1804.8 1291.8000000000002
4 1999.3 1051.4
2 2776.7 1491.5
2 2471.0 1470.8000000000002
2 3027.6 1421.0
4 1315.1 1544.4
11 2301.2 690.0
8 3140.8 1174.0
13 1677.0 1071.1000000000001
15 2468.1 962.3000000000002
15 3120.8 623.1000000000001
2 2603.0 1297.9
2 2819.8 1686.1000000000001
16 2527.3 2027.7
2 2622.9 1830.6000000000001
20 1236.9 1416.7
2 3046.7 1616.6000000000001
15 3258.6 733.4000000000001
2 2799.0 1469.3000000000002
15 2773.8 563.5
16 1926.2 260.60000000000014
5 2103.2 281.0000000000002
13 1769.4 1394.8000000000002
15 2739.5 979.0
9 2452.3 1018.1000000000001
15 2894.9 747.2
8 3097.8 220.50000000000023
13 1717.5 1415.5
15 2204.9 1327.1000000000001
17 2548.3 300.8000000000002
4 1605.6 566.0
5 2103.0 236.70000000000005
2 3157.8 1587.6
1 2468.6 1775.7
13 1734.6 938.1000000000001
0 2624.5 223.20000000000005
10 1477.5 691.8000000000002
4 1667.1 280.70000000000005
1 2180.2 416.5
4 2776.3 308.5
9 2843.4 242.80000000000018
15 2811.0 981.8000000000002
5 1224.8 1468.3000000000002
4 2913.1 1702.6000000000001
4 2717.0 443.10000000000014
21 1774.2 1348.1
2 2588.6 1445.2000000000003
2 2719.2 1195.0
15 1794.4 1246.9
15 3161.1 712.2
4 2925.6 1771.4
15 1452.2 1163.2
11 1324.1 693.4000000000001
15 2407.0 591.5
13 1806.6 1068.1000000000001
12 2592.2 904.1000000000001
4 1526.1 1267.8000000000002
5 1662.3 153.30000000000018
8 1151.3 565.9000000000001
8 2388.1 774.8000000000002
4 2271.7 316.20000000000005
5 1996.6 78.40000000000009
12 2638.3 822.5
11 1803.3 790.0
11 1664.3 839.5
10 1533.6 899.1000000000001
15 1947.1 398.0
11 1816.4 721.8000000000002
4 1600.4 860.7
1 2766.3 906.1000000000001
2 3018.6 1526.6000000000001
5 1175.4 1440.5
13 1661.5 963.0000000000002
0 1620.4 1286.5
8 2474.3 892.2
2 2801.3 1342.9
15 2368.7 433.60000000000014
0 2391.3 258.5
15 3153.8 778.2
1 2527.8 174.70000000000005
0 1592.2 735.3000000000002
6 1490.6 1707.8000000000002
15 1809.0 464.0
5 2065.3 216.80000000000018
0 2389.8 296.0
8 3177.7 1049.2
1 2849.1 1120.2
5 1615.0 1758.9
10 1748.1 420.10000000000014
11 1905.0 926.8000000000002
11 1711.5 880.8000000000002
1 2917.3 788.2
15 1649.3 1698.9
4 2449.9 1422.7
5 2199.2 298.79999999999995
2 2712.5 1282.7
2 3122.6 343.3000000000002
15 2886.0 689.7
17 2504.0 339.8000000000002
7 3124.4 1756.6000000000001
4 1914.7 349.0
1 2277.0 451.8000000000002
2 3010.4 1384.0
4 1769.4 605.9000000000001
13 2541.6 1343.4
2 2821.8 1322.0
10 1427.2 735.6000000000001
1 2253.3 471.9000000000001
12 2160.4 940.0
5 1987.1 118.5
5 2039.4 59.5
12 2610.5 921.6000000000001
17 2479.9 361.3000000000002
1 1660.0 541.8000000000002
1 2241.2 500.9000000000001
16 1612.7 186.5
8 2813.8 1530.4
2 2830.3 1511.4
0 1957.5 1071.6000000000001
2 2912.2 1620.5
13 1730.3 1373.1000000000001
15 2922.1 709.8000000000002
10 1578.5 672.9000000000001
8 1220.0 587.3000000000002
2 2894.4 1471.5
18 1821.8 500.0
4 2764.4 388.70000000000005
5 1414.8 1102.1000000000001
6 1561.8 1837.2
6 1793.5 196.9000000000001
16 2467.9 1930.7
2 3117.9 1618.4
2 2764.9 1725.6000000000001
6 1624.9 231.10000000000014
19 2619.4 788.4000000000001
4 3174.3 1385.4
6 1547.1 1794.3000000000002
14 1734.3 356.20000000000005
20 1982.7 661.7
1 2238.2 540.7000000000003
2 3009.4 1651.7
4 1396.4 841.5
0 2426.5 812.7
14 2628.5 998.5000000000002
0 1739.3 1048.1000000000001
4 1630.3 441.8000000000002
4 1913.9 982.7
15 1806.6 444.10000000000014
12 2281.2 900.8000000000002
2 2797.0 1249.2000000000003
0 1997.6 960.3000000000002
12 2579.8 818.7
4 3249.3 684.5
0 2457.4 1102.8000000000002
2 2985.8 478.9000000000001
16 1868.9 295.20000000000005
10 2703.1 1240.3000000000002
5 1160.4 1307.3000000000002
15 2858.3 983.9000000000001
4 2618.3 1513.5
2 2863.8 1302.1000000000001
2 3031.8 1447.3000000000002
4 3130.5 1338.6000000000001
16 2017.1 706.2
19 2200.6 623.1000000000001
21 2492.7 525.6000000000001
17 3219.4 575.9000000000001
4 2742.5 1120.5
2 2205.4 1438.3000000000002
8 2542.4 547.4000000000001
8 3100.7 692.2
7 2783.8 1175.7
15 2854.8 849.4000000000001
0 2237.2 561.7
16 2799.9 1887.4
15 2607.2 716.3
10 1555.3 419.3000000000002
20 2781.0 1100.0
14 1358.1 1590.2000000000003
20 1950.1 641.2
2 2874.3 1281.0
4 1831.5 839.8
2 3213.9 1406.3000000000002
16 2738.7 1863.7
6 1460.0 1771.7
14 2403.9 998.7
5 2165.2 21.500000000000455
17 2854.0 727.9000000000001
4 3103.7 649.5
5 1270.7 1362.0
0 2588.9 243.20000000000005
11 1776.7 651.5
2 2804.1 1748.6000000000001
2 2415.0 1403.0
14 1713.1 174.10000000000014
2 2839.2 1373.8000000000002
2 2778.4 1428.3000000000002
4 1728.2 314.3000000000002
2 2704.2 1774.5
6 1820.3 314.8000000000002
2 2935.8 1559.4
5 1334.7 1122.6000000000001
0 2241.6 255.5
12 2165.0 712.0
5 2163.8 173.80000000000018
4 2988.9 1867.9
5 1120.1 1361.6000000000001
5 1424.6 1341.7
1 2659.8 163.50000000000023
15 1786.5 583.9000000000001
15 2286.0 1183.9
10 1545.0 934.9000000000001
16 1664.5 208.4000000000001
10 1884.1 584.2
0 2539.8 1018.7
10 2337.1 1439.6000000000001
12 2581.0 978.4000000000001
12 2659.2 713.5
12 2512.9 940.5
4 1928.9 603.9000000000001
2 2533.9 1733.6000000000001
4 3084.6 1704.5
14 1584.6 1553.9
15 2306.4 1229.5
21 2506.2 1038.8
4 3055.5 1846.7
2 2462.2 1819.8000000000002
2 3200.2 1486.7000000000003
2 2488.4 1754.9
13 1689.3 1027.4
14 2067.6 407.9000000000001
8 2719.3 604.7
15 2726.8 634.5
2 1655.3 1210.7
14 1518.6 1649.4
1 2631.8 1118.9
11 1758.6 817.3000000000002
0 2349.5 620.5
2 1235.3 631.8000000000002
2 2613.4 1398.7000000000003
2 2864.7 1432.7
4 1610.4 1194.0
14 1486.2 1669.0
16 2575.0 2001.9
1 2142.6 684.2
15 2262.7 1165.9
2 2301.4 1461.5
11 1676.4 776.1000000000001
12 2282.8 1019.6000000000001
